22.754184544898273
22.492743207051547
23.319649771370262
24.07012190486364
24.15171232685787
23.968365116104412
24.441446841379445
24.510825937662286
25.086716164984757
25.72220067594636
25.266267346809542
24.61924532433787
25.01718273836023
25.15849281068447
24.946987276309265
25.2238281793121
25.609549723634892
25.6115424919885
25.886883861746224
25.2116783986978
25.16426198766817
25.820599977798203
24.975387471650787
25.392817607239365
25.458491810733452
24.996190041008447
25.801135799180187
25.577490258622312
25.570269165615397
25.697900704744043
25.80984550628167
25.467953774422067
25.934957201601875
25.39752948544326
25.393687562014723
25.891895512215083
25.088283787969672
25.72929498542436
25.372886994230107
25.334942734645693
25.664766388655185
25.767457746284098
25.10354611345965
26.17192060105628
26.459453671119256
25.38623698785571
26.613612651597876
26.685794942752636
25.189049766764256
26.030457334595162
25.979215806035214
25.083875118365032
26.236658867120365
26.036330420233288
24.575650431834383
24.501519962685162
22.59300758384555
25.534872619582675
