23.31618580693775
23.671734336787193
25.497361709009837
28.05080844588822
31.022999247352026
34.025629990940146
36.721617821916205
38.91595654039536
40.569653650490565
41.86402264611469
42.861614700221075
43.512267905044
43.90676290425585
44.22647056190325
44.40582948018435
44.433486694672766
44.465787978910484
44.41614197926651
44.14441624210668
44.22243847203233
44.9169907194824
46.24763361777377
47.21878149200478
47.66058993827035
47.78566219760598
47.83973141862464
47.68555279938209
47.359340984021415
47.23164328531795
46.98182391420165
46.63072558897912
46.06848527719731
45.43333344269341
45.158886579770495
44.95018220844186
44.3472504144721
42.52399892694221
38.78541994773321
33.67777645885249
29.91759078658124
28.781306971167993
29.06640776810271
28.470219562761244
27.047196533493143
27.175927421963717
25.714200775274968
25.38805219199108
26.09417190664609
26.403269890208204
26.92005251805723
28.489469085914763
30.612218974877564
29.6173657151613
30.46684621249343
30.42296275515509
29.238608485834625
18.669643321925406
29.313090685224182
