27.573881517996806
27.567834409835456
27.44098980270337
27.30069128424638
27.154675137159394
27.028667746112927
27.222741112257896
27.23770402687
27.427635898515934
27.361276977575848
27.3799456851339
26.760365459204873
26.26622469062397
26.622123518243622
26.03652471029784
26.032589909810365
26.4376983048382
26.3605615105524
26.3397805207088
27.215854066873067
27.178634371684055
27.457343943878225
27.48164119444879
27.664360124257662
27.572108733635908
27.340307247652355
26.6349819171803
26.585217379561747
26.22523629140314
26.605313045156326
26.658386253804586
25.727917087396506
25.946949052219196
25.772267989148073
25.235429077439587
24.79432220319032
24.73764334469675
24.17226378365524
23.432597966461817
23.619169090956824
23.573605611166375
23.954402440868392
24.041784711786093
24.121211108304532
24.05736656345966
23.831039178524208
23.683408814989058
24.372106099768843
24.97418289185354
25.48464027511002
25.955417037099828
26.480356477401678
26.672365615664045
26.293259829875293
26.221363962083682
25.929108044943867
16.353558272471254
23.746333455135087
