25.865272393737463
24.507692626626213
23.74759488661371
23.090889844812136
23.262815963351354
22.33874018947391
23.024556022354442
22.715060166498283
23.60864447725745
23.58242889511732
23.258789282556755
23.88824021809661
23.18317504097902
23.451068496792434
22.884712175441486
23.629169916231504
23.78464094408869
23.136328023930517
24.02970503427224
23.696213625805278
23.39636362014872
22.59355904966985
23.54226199503051
23.557531998579137
22.807947704299867
24.032066384702404
22.920843139601853
23.06947774956449
22.614226587044612
23.591463674003577
23.926747216470183
23.38074389598807
23.302854956114977
23.61539181494896
23.770089500799223
23.678599871062964
23.650533665061772
23.67549192095
24.408063166665332
24.222415223815652
24.050001611804905
24.250937487175307
23.33233049868806
23.72661569934342
23.79432533379205
23.7720976584268
23.356048595052886
24.496925184397686
24.359863653134294
24.34170211531765
23.333388798595387
23.725487182074882
23.637781258336954
23.030769827882427
23.61101949425272
23.48701850767067
21.581138372713134
21.966109297770558
